1 2 3 0 0 0 5
1 2 3 0 0 0 5
1 2 3 0 0 0 5
1 2 3 0 0 0 5
1 2 3 0 0 0 5
1 2 3 0 0 0 5
1 2 3 0 0 0 5
1 2 3 0 0 0 5
1 2 3 0 0 0 5
1 2 3 0 0 0 5
1 2 3 0 0 0 5
1 2 3 0 0 0 5
1 2 3 0 0 0 5
1 2 3 0 0 0 5
1 2 3 0 0 0 5
1 2 3 0 0 0 5
1 2 3 0 0 0 5
1 2 3 29 0 0 5
1 2 3 110 0 0 5
1 2 3 127 0 0 5
1 2 3 127 0 0 5
1 2 3 127 0 0 5
1 2 3 127 0 0 5
1 2 3 127 0 0 5
1 2 3 127 0 0 5
1 2 3 127 0 0 5
1 2 3 127 0 0 5
1 2 3 127 0 0 5
1 2 3 127 0 0 5
1 2 3 127 0 0 5
1 2 3 127 -54 0 5
1 2 3 82 -127 0 5
1 2 3 56 -127 0 5
1 2 3 52 -127 0 5
1 2 3 51 -127 0 5
1 2 3 44 -127 0 5
1 2 3 40 -127 0 5
1 2 3 40 -127 0 5
1 2 3 39 -127 0 5
1 2 3 39 -127 0 5
1 2 3 39 -127 0 5
1 2 3 38 -127 0 5
1 2 3 38 -127 0 5
1 2 3 38 -115 0 5
1 2 3 19 36 0 5
1 2 3 0 126 0 5
1 2 3 0 126 0 5
1 2 3 0 126 0 5
1 2 3 0 126 0 5
1 2 3 0 126 0 5
1 2 3 0 126 0 5
1 2 3 0 126 0 5
1 2 3 0 126 0 5
1 2 3 0 126 0 5
1 2 3 0 126 0 5
1 2 3 0 126 0 5
1 2 3 0 126 0 5
1 2 3 0 126 0 5
1 2 3 0 90 0 5
1 2 3 0 0 0 5
1 2 3 0 0 0 5
1 2 3 0 0 0 5
1 2 3 0 0 0 5
1 2 3 0 0 0 5
1 2 3 0 0 0 5
