1 2 3 0 0 4 5
1 2 3 0 0 4 5
1 2 3 0 0 4 5
1 2 3 0 0 4 5
1 2 3 0 0 4 5
1 2 3 0 0 4 5
1 2 3 0 0 4 5
1 2 3 0 0 4 5
1 2 3 0 0 4 5
1 2 3 0 0 4 5
1 2 3 0 0 4 5
1 2 3 5 0 4 5
1 2 3 7 0 4 5
1 2 3 8 0 4 5
1 2 3 9 0 4 5
1 2 3 10 0 4 5
1 2 3 11 0 4 5
1 2 3 12 0 4 5
1 2 3 13 0 4 5
1 2 3 14 0 4 5
1 2 3 15 0 4 5
1 2 3 16 0 4 5
1 2 3 17 0 4 5
1 2 3 19 0 4 5
1 2 3 20 0 4 5
1 2 3 22 0 4 5
1 2 3 24 0 4 5
1 2 3 26 0 4 5
1 2 3 28 0 4 5
1 2 3 30 0 4 5
1 2 3 32 0 4 5
1 2 3 33 0 4 5
1 2 3 35 0 4 5
1 2 3 36 0 4 5
1 2 3 37 0 4 5
1 2 3 38 0 4 5
1 2 3 39 0 4 5
1 2 3 40 0 4 5
1 2 3 41 0 4 5
1 2 3 43 0 4 5
1 2 3 45 0 4 5
1 2 3 46 0 4 5
1 2 3 48 0 4 5
1 2 3 50 0 4 5
1 2 3 52 0 4 5
1 2 3 54 0 4 5
1 2 3 56 0 4 5
1 2 3 58 0 4 5
1 2 3 60 0 4 5
1 2 3 62 0 4 5
1 2 3 63 0 4 5
1 2 3 65 0 4 5
1 2 3 66 0 4 5
1 2 3 67 0 4 5
1 2 3 68 0 4 5
1 2 3 69 0 4 5
1 2 3 70 0 4 5
1 2 3 71 0 4 5
1 2 3 72 0 4 5
1 2 3 73 0 4 5
1 2 3 74 0 4 5
1 2 3 75 0 4 5
1 2 3 76 0 4 5
1 2 3 77 0 4 5
1 2 3 78 0 4 5
1 2 3 79 0 4 5
1 2 3 80 0 4 5
1 2 3 81 0 4 5
1 2 3 82 0 4 5
1 2 3 83 0 4 5
1 2 3 84 0 4 5
1 2 3 85 0 4 5
1 2 3 86 0 4 5
1 2 3 87 0 4 5
1 2 3 88 0 4 5
1 2 3 89 0 4 5
1 2 3 90 0 4 5
1 2 3 91 0 4 5
1 2 3 92 0 4 5
1 2 3 93 0 4 5
1 2 3 94 0 4 5
1 2 3 95 0 4 5
1 2 3 96 0 4 5
1 2 3 97 0 4 5
1 2 3 98 0 4 5
1 2 3 99 0 4 5
1 2 3 100 0 4 5
1 2 3 101 0 4 5
1 2 3 102 0 4 5
1 2 3 103 0 4 5
1 2 3 104 0 4 5
1 2 3 105 0 4 5
1 2 3 106 0 4 5
1 2 3 107 0 4 5
1 2 3 108 0 4 5
1 2 3 109 0 4 5
1 2 3 110 0 4 5
1 2 3 112 0 4 5
1 2 3 113 0 4 5
1 2 3 114 0 4 5
1 2 3 115 0 4 5
1 2 3 116 0 4 5
1 2 3 117 0 4 5
1 2 3 118 0 4 5
1 2 3 119 0 4 5
1 2 3 120 0 4 5
1 2 3 121 0 4 5
1 2 3 122 0 4 5
1 2 3 123 0 4 5
1 2 3 124 0 4 5
1 2 3 125 0 4 5
1 2 3 126 0 4 5
1 2 3 127 0 4 5
1 2 3 127 8 4 5
1 2 3 127 10 4 5
1 2 3 127 11 4 5
1 2 3 127 12 4 5
1 2 3 127 13 4 5
1 2 3 127 14 4 5
1 2 3 127 15 4 5
1 2 3 127 16 4 5
1 2 3 127 17 4 5
1 2 3 127 18 4 5
1 2 3 127 19 4 5
1 2 3 127 20 4 5
1 2 3 127 21 4 5
1 2 3 127 22 4 5
1 2 3 127 23 4 5
1 2 3 127 24 4 5
1 2 3 127 25 4 5
1 2 3 127 26 4 5
1 2 3 127 27 4 5
1 2 3 127 29 4 5
1 2 3 127 30 4 5
1 2 3 127 31 4 5
1 2 3 127 32 4 5
1 2 3 127 33 4 5
1 2 3 127 34 4 5
1 2 3 127 35 4 5
1 2 3 127 36 4 5
1 2 3 127 38 4 5
1 2 3 127 39 4 5
1 2 3 127 40 4 5
1 2 3 127 41 4 5
1 2 3 127 42 4 5
1 2 3 127 43 4 5
1 2 3 127 44 4 5
1 2 3 127 45 4 5
1 2 3 127 46 4 5
1 2 3 127 47 4 5
1 2 3 127 48 4 5
1 2 3 127 50 4 5
1 2 3 127 51 4 5
1 2 3 127 52 4 5
1 2 3 127 53 4 5
1 2 3 127 54 4 5
1 2 3 127 55 4 5
1 2 3 127 56 4 5
1 2 3 127 57 4 5
1 2 3 127 58 4 5
1 2 3 127 60 4 5
1 2 3 127 61 4 5
1 2 3 127 62 4 5
1 2 3 127 64 4 5
1 2 3 127 65 4 5
1 2 3 127 67 4 5
1 2 3 127 68 4 5
1 2 3 127 70 4 5
1 2 3 127 71 4 5
1 2 3 127 72 4 5
1 2 3 127 73 4 5
1 2 3 127 74 4 5
1 2 3 127 75 4 5
1 2 3 127 77 4 5
1 2 3 127 78 4 5
1 2 3 127 79 4 5
1 2 3 127 81 4 5
1 2 3 127 83 4 5
1 2 3 127 85 4 5
1 2 3 127 87 4 5
1 2 3 127 88 4 5
1 2 3 127 90 4 5
1 2 3 127 92 4 5
1 2 3 127 93 4 5
1 2 3 127 94 4 5
1 2 3 127 95 4 5
1 2 3 127 96 4 5
1 2 3 127 97 4 5
1 2 3 119 97 4 5
1 2 3 119 98 4 5
1 2 3 118 98 4 5
1 2 3 118 99 4 5
1 2 3 117 99 4 5
1 2 3 117 101 4 5
1 2 3 116 101 4 5
1 2 3 116 102 4 5
1 2 3 115 102 4 5
1 2 3 115 104 4 5
1 2 3 113 104 4 5
1 2 3 113 105 4 5
1 2 3 112 105 4 5
1 2 3 112 106 4 5
1 2 3 110 106 4 5
1 2 3 110 108 4 5
1 2 3 109 108 4 5
1 2 3 109 109 4 5
1 2 3 108 109 4 5
1 2 3 108 110 4 5
1 2 3 106 110 4 5
1 2 3 106 111 4 5
1 2 3 105 111 4 5
1 2 3 105 112 4 5
1 2 3 104 112 4 5
1 2 3 103 112 4 5
1 2 3 103 113 4 5
1 2 3 103 114 4 5
1 2 3 102 114 4 5
1 2 3 102 115 4 5
1 2 3 101 115 4 5
1 2 3 101 116 4 5
1 2 3 100 116 4 5
1 2 3 99 116 4 5
1 2 3 99 118 4 5
1 2 3 98 118 4 5
1 2 3 98 119 4 5
1 2 3 96 119 4 5
1 2 3 95 119 4 5
1 2 3 95 120 4 5
1 2 3 93 120 4 5
1 2 3 93 121 4 5
1 2 3 92 121 4 5
1 2 3 92 122 4 5
1 2 3 90 122 4 5
1 2 3 90 123 4 5
1 2 3 89 123 4 5
1 2 3 88 123 4 5
1 2 3 88 124 4 5
1 2 3 87 124 4 5
1 2 3 87 125 4 5
1 2 3 86 125 4 5
1 2 3 85 125 4 5
1 2 3 84 125 4 5
1 2 3 83 125 4 5
1 2 3 83 126 4 5
1 2 3 82 126 4 5
1 2 3 81 126 4 5
1 2 3 80 126 4 5
1 2 3 79 126 4 5
1 2 3 78 126 4 5
1 2 3 77 126 4 5
1 2 3 77 126 4 5
1 2 3 76 126 4 5
1 2 3 75 126 4 5
1 2 3 74 126 4 5
1 2 3 73 126 4 5
1 2 3 72 126 4 5
1 2 3 71 126 4 5
1 2 3 70 126 4 5
1 2 3 69 126 4 5
1 2 3 67 126 4 5
1 2 3 66 126 4 5
1 2 3 65 126 4 5
1 2 3 63 126 4 5
1 2 3 62 126 4 5
1 2 3 60 126 4 5
1 2 3 59 126 4 5
1 2 3 57 126 4 5
1 2 3 54 126 4 5
1 2 3 51 126 4 5
1 2 3 48 126 4 5
1 2 3 45 126 4 5
1 2 3 42 126 4 5
1 2 3 39 126 4 5
1 2 3 36 126 4 5
1 2 3 35 126 4 5
1 2 3 33 126 4 5
1 2 3 32 126 4 5
1 2 3 31 126 4 5
1 2 3 30 126 4 5
1 2 3 29 126 4 5
1 2 3 28 126 4 5
1 2 3 27 126 4 5
1 2 3 25 126 4 5
1 2 3 24 126 4 5
1 2 3 23 126 4 5
1 2 3 21 126 4 5
1 2 3 19 126 4 5
1 2 3 18 126 4 5
1 2 3 16 126 4 5
1 2 3 15 126 4 5
1 2 3 14 126 4 5
1 2 3 13 126 4 5
1 2 3 12 126 4 5
1 2 3 11 126 4 5
1 2 3 10 126 4 5
1 2 3 9 126 4 5
1 2 3 17 126 4 5
1 2 3 20 126 4 5
1 2 3 24 126 4 5
1 2 3 28 126 4 5
1 2 3 31 126 4 5
1 2 3 35 126 4 5
1 2 3 39 126 4 5
1 2 3 42 126 4 5
1 2 3 46 126 4 5
1 2 3 48 126 4 5
1 2 3 51 126 4 5
1 2 3 53 126 4 5
1 2 3 55 126 4 5
1 2 3 56 126 4 5
1 2 3 58 126 4 5
1 2 3 59 126 4 5
1 2 3 61 126 4 5
1 2 3 62 126 4 5
1 2 3 64 126 4 5
1 2 3 66 126 4 5
1 2 3 67 126 4 5
1 2 3 69 126 4 5
1 2 3 71 126 4 5
1 2 3 73 126 4 5
1 2 3 74 126 4 5
1 2 3 76 126 4 5
1 2 3 77 126 4 5
1 2 3 79 126 4 5
1 2 3 80 126 4 5
1 2 3 82 126 4 5
1 2 3 84 126 4 5
1 2 3 84 119 4 5
1 2 3 86 119 4 5
1 2 3 86 118 4 5
1 2 3 88 118 4 5
1 2 3 88 116 4 5
1 2 3 90 116 4 5
1 2 3 90 115 4 5
1 2 3 92 115 4 5
1 2 3 92 112 4 5
1 2 3 94 112 4 5
1 2 3 94 110 4 5
1 2 3 96 110 4 5
1 2 3 96 107 4 5
1 2 3 98 107 4 5
1 2 3 98 105 4 5
1 2 3 100 105 4 5
1 2 3 100 102 4 5
1 2 3 101 102 4 5
1 2 3 101 100 4 5
1 2 3 103 100 4 5
1 2 3 103 98 4 5
1 2 3 105 98 4 5
1 2 3 105 96 4 5
1 2 3 106 96 4 5
1 2 3 106 95 4 5
1 2 3 108 95 4 5
1 2 3 108 94 4 5
1 2 3 110 94 4 5
1 2 3 110 92 4 5
1 2 3 112 92 4 5
1 2 3 112 91 4 5
1 2 3 114 91 4 5
1 2 3 114 89 4 5
1 2 3 116 89 4 5
1 2 3 116 87 4 5
1 2 3 117 87 4 5
1 2 3 117 85 4 5
1 2 3 119 85 4 5
1 2 3 119 83 4 5
1 2 3 120 83 4 5
1 2 3 120 83 4 5
1 2 3 121 81 4 5
1 2 3 121 79 4 5
1 2 3 121 77 4 5
1 2 3 122 77 4 5
1 2 3 122 76 4 5
1 2 3 123 76 4 5
1 2 3 123 74 4 5
1 2 3 124 74 4 5
1 2 3 124 73 4 5
1 2 3 124 72 4 5
1 2 3 124 71 4 5
1 2 3 125 71 4 5
1 2 3 125 70 4 5
1 2 3 126 70 4 5
1 2 3 126 69 4 5
1 2 3 126 67 4 5
1 2 3 126 66 4 5
1 2 3 126 65 4 5
1 2 3 126 63 4 5
1 2 3 127 63 4 5
1 2 3 127 62 4 5
1 2 3 127 61 4 5
1 2 3 127 59 4 5
1 2 3 127 57 4 5
1 2 3 127 56 4 5
1 2 3 127 54 4 5
1 2 3 127 53 4 5
1 2 3 127 52 4 5
1 2 3 127 50 4 5
1 2 3 127 48 4 5
1 2 3 127 47 4 5
1 2 3 127 45 4 5
1 2 3 127 43 4 5
1 2 3 127 42 4 5
1 2 3 127 40 4 5
1 2 3 127 37 4 5
1 2 3 127 34 4 5
1 2 3 127 31 4 5
1 2 3 127 27 4 5
1 2 3 127 24 4 5
1 2 3 127 21 4 5
1 2 3 127 17 4 5
1 2 3 127 14 4 5
1 2 3 127 11 4 5
1 2 3 127 8 4 5
1 2 3 127 6 4 5
1 2 3 127 0 4 5
1 2 3 127 0 4 5
1 2 3 127 0 4 5
1 2 3 127 0 4 5
1 2 3 127 0 4 5
1 2 3 127 0 4 5
1 2 3 127 0 4 5
1 2 3 127 -5 4 5
1 2 3 127 -7 4 5
1 2 3 127 -10 4 5
1 2 3 127 -13 4 5
1 2 3 127 -17 4 5
1 2 3 127 -20 4 5
1 2 3 127 -23 4 5
1 2 3 127 -25 4 5
1 2 3 127 -27 4 5
1 2 3 127 -29 4 5
1 2 3 127 -30 4 5
1 2 3 127 -32 4 5
1 2 3 127 -33 4 5
1 2 3 127 -34 4 5
1 2 3 127 -35 4 5
1 2 3 127 -36 4 5
1 2 3 127 -37 4 5
1 2 3 127 -38 4 5
1 2 3 127 -39 4 5
1 2 3 127 -40 4 5
1 2 3 127 -41 4 5
1 2 3 127 -42 4 5
1 2 3 127 -43 4 5
1 2 3 127 -44 4 5
1 2 3 127 -45 4 5
1 2 3 127 -47 4 5
1 2 3 127 -49 4 5
1 2 3 127 -51 4 5
1 2 3 127 -53 4 5
1 2 3 127 -54 4 5
1 2 3 127 -56 4 5
1 2 3 127 -58 4 5
1 2 3 127 -60 4 5
1 2 3 127 -63 4 5
1 2 3 127 -65 4 5
1 2 3 127 -68 4 5
1 2 3 127 -70 4 5
1 2 3 127 -73 4 5
1 2 3 127 -76 4 5
1 2 3 127 -79 4 5
1 2 3 127 -82 4 5
1 2 3 127 -84 4 5
1 2 3 118 -84 4 5
1 2 3 118 -86 4 5
1 2 3 116 -86 4 5
1 2 3 116 -89 4 5
1 2 3 114 -89 4 5
1 2 3 114 -91 4 5
1 2 3 111 -91 4 5
1 2 3 111 -93 4 5
1 2 3 109 -93 4 5
1 2 3 109 -96 4 5
1 2 3 106 -96 4 5
1 2 3 106 -98 4 5
1 2 3 103 -98 4 5
1 2 3 103 -100 4 5
1 2 3 101 -100 4 5
1 2 3 101 -103 4 5
1 2 3 99 -103 4 5
1 2 3 99 -105 4 5
1 2 3 98 -105 4 5
1 2 3 98 -107 4 5
1 2 3 96 -107 4 5
1 2 3 96 -109 4 5
1 2 3 95 -109 4 5
1 2 3 95 -111 4 5
1 2 3 93 -111 4 5
1 2 3 93 -113 4 5
1 2 3 92 -113 4 5
1 2 3 92 -114 4 5
1 2 3 91 -114 4 5
1 2 3 91 -115 4 5
1 2 3 91 -116 4 5
1 2 3 89 -116 4 5
1 2 3 89 -116 4 5
1 2 3 88 -118 4 5
1 2 3 87 -118 4 5
1 2 3 87 -119 4 5
1 2 3 86 -119 4 5
1 2 3 86 -120 4 5
1 2 3 85 -120 4 5
1 2 3 85 -121 4 5
1 2 3 84 -121 4 5
1 2 3 83 -121 4 5
1 2 3 83 -122 4 5
1 2 3 82 -122 4 5
1 2 3 81 -122 4 5
1 2 3 81 -123 4 5
1 2 3 80 -123 4 5
1 2 3 78 -123 4 5
1 2 3 78 -124 4 5
1 2 3 77 -124 4 5
1 2 3 75 -124 4 5
1 2 3 75 -125 4 5
1 2 3 74 -125 4 5
1 2 3 73 -125 4 5
1 2 3 73 -126 4 5
1 2 3 71 -126 4 5
1 2 3 71 -127 4 5
1 2 3 69 -127 4 5
1 2 3 66 -127 4 5
1 2 3 64 -127 4 5
1 2 3 61 -127 4 5
1 2 3 59 -127 4 5
1 2 3 56 -127 4 5
1 2 3 54 -127 4 5
1 2 3 51 -127 4 5
1 2 3 49 -127 4 5
1 2 3 48 -127 4 5
1 2 3 46 -127 4 5
1 2 3 45 -127 4 5
1 2 3 44 -127 4 5
1 2 3 43 -127 4 5
1 2 3 42 -127 4 5
1 2 3 40 -127 4 5
1 2 3 39 -127 4 5
1 2 3 37 -127 4 5
1 2 3 34 -127 4 5
1 2 3 31 -127 4 5
1 2 3 28 -127 4 5
1 2 3 25 -127 4 5
1 2 3 22 -127 4 5
1 2 3 19 -127 4 5
1 2 3 17 -127 4 5
1 2 3 15 -127 4 5
1 2 3 13 -127 4 5
1 2 3 10 -127 4 5
1 2 3 8 -127 4 5
1 2 3 6 -127 4 5
1 2 3 5 -127 4 5
1 2 3 0 -127 4 5
1 2 3 0 -127 4 5
1 2 3 0 -127 4 5
1 2 3 0 -127 4 5
1 2 3 8 -127 4 5
1 2 3 13 -127 4 5
1 2 3 19 -127 4 5
1 2 3 26 -127 4 5
1 2 3 34 -127 4 5
1 2 3 42 -127 4 5
1 2 3 49 -127 4 5
1 2 3 56 -127 4 5
1 2 3 62 -127 4 5
1 2 3 68 -127 4 5
1 2 3 73 -127 4 5
1 2 3 77 -127 4 5
1 2 3 80 -127 4 5
1 2 3 83 -127 4 5
1 2 3 86 -127 4 5
1 2 3 86 -118 4 5
1 2 3 89 -118 4 5
1 2 3 89 -115 4 5
1 2 3 91 -115 4 5
1 2 3 91 -113 4 5
1 2 3 93 -113 4 5
1 2 3 93 -111 4 5
1 2 3 95 -111 4 5
1 2 3 95 -109 4 5
1 2 3 96 -109 4 5
1 2 3 96 -109 4 5
1 2 3 98 -107 4 5
1 2 3 98 -104 4 5
1 2 3 100 -104 4 5
1 2 3 100 -102 4 5
1 2 3 101 -102 4 5
1 2 3 101 -100 4 5
1 2 3 103 -100 4 5
1 2 3 103 -98 4 5
1 2 3 105 -98 4 5
1 2 3 105 -97 4 5
1 2 3 106 -97 4 5
1 2 3 106 -95 4 5
1 2 3 107 -95 4 5
1 2 3 107 -93 4 5
1 2 3 108 -93 4 5
1 2 3 108 -92 4 5
1 2 3 109 -92 4 5
1 2 3 109 -91 4 5
1 2 3 110 -91 4 5
1 2 3 110 -90 4 5
1 2 3 111 -90 4 5
1 2 3 111 -89 4 5
1 2 3 112 -89 4 5
1 2 3 112 -88 4 5
1 2 3 112 -87 4 5
1 2 3 113 -87 4 5
1 2 3 114 -87 4 5
1 2 3 114 -86 4 5
1 2 3 115 -86 4 5
1 2 3 115 -85 4 5
1 2 3 117 -85 4 5
1 2 3 117 -83 4 5
1 2 3 118 -83 4 5
1 2 3 118 -81 4 5
1 2 3 119 -81 4 5
1 2 3 119 -79 4 5
1 2 3 120 -79 4 5
1 2 3 120 -77 4 5
1 2 3 121 -77 4 5
1 2 3 121 -75 4 5
1 2 3 122 -75 4 5
1 2 3 122 -73 4 5
1 2 3 123 -73 4 5
1 2 3 123 -71 4 5
1 2 3 123 -69 4 5
1 2 3 124 -69 4 5
1 2 3 124 -69 4 5
1 2 3 125 -67 4 5
1 2 3 125 -66 4 5
1 2 3 125 -64 4 5
1 2 3 125 -63 4 5
1 2 3 126 -63 4 5
1 2 3 126 -61 4 5
1 2 3 126 -60 4 5
1 2 3 126 -59 4 5
1 2 3 127 -59 4 5
1 2 3 127 -57 4 5
1 2 3 127 -56 4 5
1 2 3 127 -55 4 5
1 2 3 127 -54 4 5
1 2 3 127 -53 4 5
1 2 3 127 -51 4 5
1 2 3 127 -50 4 5
1 2 3 127 -49 4 5
1 2 3 127 -47 4 5
1 2 3 127 -46 4 5
1 2 3 127 -45 4 5
1 2 3 127 -43 4 5
1 2 3 127 -42 4 5
1 2 3 127 -41 4 5
1 2 3 127 -39 4 5
1 2 3 127 -37 4 5
1 2 3 127 -36 4 5
1 2 3 127 -35 4 5
1 2 3 127 -34 4 5
1 2 3 127 -33 4 5
1 2 3 127 -32 4 5
1 2 3 127 -31 4 5
1 2 3 127 -30 4 5
1 2 3 127 -28 4 5
1 2 3 127 -26 4 5
1 2 3 127 -24 4 5
1 2 3 127 -21 4 5
1 2 3 127 -19 4 5
1 2 3 127 -16 4 5
1 2 3 127 -13 4 5
1 2 3 127 -10 4 5
1 2 3 127 -8 4 5
1 2 3 127 -6 4 5
1 2 3 127 0 4 5
1 2 3 127 0 4 5
1 2 3 127 0 4 5
1 2 3 127 0 4 5
1 2 3 127 0 4 5
1 2 3 127 0 4 5
1 2 3 119 0 4 5
1 2 3 115 0 4 5
1 2 3 111 0 4 5
1 2 3 106 0 4 5
1 2 3 101 0 4 5
1 2 3 97 0 4 5
1 2 3 92 0 4 5
1 2 3 88 0 4 5
1 2 3 85 0 4 5
1 2 3 83 0 4 5
1 2 3 80 0 4 5
1 2 3 77 0 4 5
1 2 3 74 0 4 5
1 2 3 72 0 4 5
1 2 3 70 0 4 5
1 2 3 69 0 4 5
1 2 3 67 0 4 5
1 2 3 65 0 4 5
1 2 3 63 0 4 5
1 2 3 62 0 4 5
1 2 3 60 0 4 5
1 2 3 58 0 4 5
1 2 3 56 0 4 5
1 2 3 54 0 4 5
1 2 3 51 0 4 5
1 2 3 48 0 4 5
1 2 3 45 0 4 5
1 2 3 43 0 4 5
1 2 3 40 0 4 5
1 2 3 37 0 4 5
1 2 3 33 0 4 5
1 2 3 30 0 4 5
1 2 3 26 0 4 5
1 2 3 24 0 4 5
1 2 3 21 0 4 5
1 2 3 18 0 4 5
1 2 3 15 0 4 5
1 2 3 13 0 4 5
1 2 3 10 0 4 5
1 2 3 8 0 4 5
1 2 3 6 0 4 5
1 2 3 0 0 4 5
1 2 3 0 0 4 5
1 2 3 0 0 4 5
1 2 3 0 0 4 5
