1 2 3 0 0 1 5
1 2 3 0 0 1 5
1 2 3 0 0 1 5
1 2 3 0 0 1 5
1 2 3 0 0 1 5
1 2 3 0 0 1 5
1 2 3 0 0 1 5
1 2 3 0 0 1 5
1 2 3 0 0 1 5
1 2 3 0 0 1 5
1 2 3 0 0 1 5
1 2 3 0 0 1 5
1 2 3 0 0 1 5
1 2 3 0 0 1 5
1 2 3 0 0 1 5
1 2 3 0 0 1 5
1 2 3 0 0 1 5
1 2 3 0 0 1 5
1 2 3 0 0 1 5
1 2 3 0 0 1 5
1 2 3 0 0 1 5
1 2 3 0 0 1 5
1 2 3 0 0 1 5
1 2 3 0 0 1 5
1 2 3 0 0 1 5
1 2 3 0 0 1 5
1 2 3 0 0 1 5
1 2 3 0 0 1 5
1 2 3 0 0 1 5
1 2 3 0 0 1 5
1 2 3 0 0 1 5
1 2 3 0 0 1 5
1 2 3 0 0 1 5
1 2 3 0 0 1 5
1 2 3 0 0 1 5
1 2 3 0 0 1 5
1 2 3 0 0 1 5
1 2 3 0 0 1 5
1 2 3 0 0 1 5
1 2 3 0 0 1 5
1 2 3 0 0 1 5
1 2 3 0 0 1 5
1 2 3 0 0 1 5
1 2 3 0 0 1 5
1 2 3 0 0 1 5
1 2 3 0 0 1 5
1 2 3 0 0 1 5
1 2 3 0 0 1 5
1 2 3 0 0 1 5
1 2 3 0 0 1 5
1 2 3 0 0 1 5
1 2 3 0 0 1 5
1 2 3 0 0 1 5
1 2 3 0 0 1 5
1 2 3 0 0 1 5
1 2 3 0 0 1 5
1 2 3 0 0 1 5
1 2 3 0 0 1 5
1 2 3 0 0 1 5
1 2 3 0 0 1 5
1 2 3 0 0 1 5
1 2 3 0 0 1 5
1 2 3 0 0 1 5
1 2 3 0 0 1 5
1 2 3 0 0 1 5
1 2 3 0 0 1 5
1 2 3 0 0 1 5
1 2 3 0 0 1 5
1 2 3 0 0 1 5
1 2 3 0 0 1 5
1 2 3 0 0 1 5
1 2 3 0 0 1 5
1 2 3 0 0 1 5
1 2 3 0 0 1 5
1 2 3 0 0 1 5
1 2 3 0 0 1 5
1 2 3 0 0 1 5
1 2 3 0 0 1 5
1 2 3 0 0 1 5
1 2 3 0 0 1 5
1 2 3 0 0 1 5
1 2 3 0 0 1 5
1 2 3 0 0 1 5
1 2 3 0 0 1 5
1 2 3 0 0 1 5
1 2 3 0 0 1 5
1 2 3 0 0 1 5
1 2 3 0 0 1 5
1 2 3 0 0 1 5
1 2 3 0 0 1 5
1 2 3 0 0 1 5
1 2 3 0 0 1 5
1 2 3 0 0 1 5
1 2 3 0 0 1 5
1 2 3 0 0 1 5
1 2 3 0 0 1 5
1 2 3 0 0 1 5
1 2 3 0 0 1 5
1 2 3 0 0 1 5
1 2 3 0 0 1 5
1 2 3 0 0 1 5
1 2 3 0 0 1 5
1 2 3 0 0 1 5
1 2 3 0 0 1 5
1 2 3 0 0 1 5
1 2 3 0 0 1 5
1 2 3 0 0 1 5
1 2 3 0 0 1 5
1 2 3 0 0 1 5
1 2 3 0 0 1 5
1 2 3 0 0 1 5
1 2 3 0 0 1 5
1 2 3 0 0 1 5
1 2 3 0 0 1 5
1 2 3 0 0 1 5
1 2 3 0 0 1 5
1 2 3 0 0 1 5
1 2 3 0 0 1 5
1 2 3 0 0 1 5
1 2 3 0 0 1 5
1 2 3 0 0 1 5
1 2 3 0 0 1 5
1 2 3 0 0 1 5
1 2 3 0 0 1 5
1 2 3 0 0 1 5
1 2 3 0 0 1 5
1 2 3 0 0 1 5
1 2 3 0 0 1 5
1 2 3 0 0 1 5
1 2 3 0 0 1 5
1 2 3 0 0 1 5
1 2 3 0 0 1 5
1 2 3 0 0 1 5
1 2 3 0 0 1 5
1 2 3 0 0 1 5
1 2 3 0 0 1 5
1 2 3 0 0 1 5
1 2 3 0 0 1 5
1 2 3 0 0 1 5
1 2 3 0 0 1 5
1 2 3 0 0 1 5
1 2 3 0 0 1 5
1 2 3 0 0 1 5
1 2 3 0 0 1 5
1 2 3 0 0 1 5
1 2 3 0 0 1 5
1 2 3 0 0 1 5
1 2 3 0 0 1 5
1 2 3 0 0 1 5
1 2 3 0 0 1 5
1 2 3 0 0 1 5
1 2 3 0 0 1 5
1 2 3 0 0 1 5
1 2 3 0 0 1 5
1 2 3 0 0 1 5
1 2 3 0 0 1 5
1 2 3 0 0 1 5
1 2 3 0 0 1 5
1 2 3 0 0 1 5
1 2 3 0 0 1 5
1 2 3 0 0 1 5
1 2 3 0 0 1 5
1 2 3 0 0 1 5
1 2 3 0 0 1 5
1 2 3 0 0 1 5
1 2 3 0 0 1 5
1 2 3 0 0 1 5
1 2 3 0 0 1 5
1 2 3 0 0 1 5
1 2 3 0 0 1 5
1 2 3 0 0 1 5
1 2 3 0 0 1 5
1 2 3 0 0 1 5
1 2 3 0 0 1 5
1 2 3 0 0 1 5
1 2 3 0 0 1 5
1 2 3 0 0 1 5
1 2 3 0 0 1 5
1 2 3 0 0 1 5
1 2 3 0 0 1 5
1 2 3 0 0 1 5
1 2 3 0 0 1 5
1 2 3 0 0 1 5
1 2 3 0 0 1 5
1 2 3 0 0 1 5
1 2 3 0 0 1 5
1 2 3 0 0 1 5
1 2 3 0 0 1 5
1 2 3 0 0 1 5
1 2 3 0 0 1 5
1 2 3 0 0 1 5
1 2 3 0 0 1 5
1 2 3 0 0 1 5
1 2 3 0 0 1 5
1 2 3 0 0 1 5
1 2 3 0 0 1 5
1 2 3 0 0 1 5
1 2 3 0 0 1 5
1 2 3 0 0 1 5
1 2 3 0 0 1 5
1 2 3 0 0 1 5
1 2 3 0 0 1 5
1 2 3 0 0 1 5
1 2 3 0 0 1 5
1 2 3 0 0 1 5
1 2 3 0 0 1 5
1 2 3 0 0 1 5
1 2 3 0 0 1 5
1 2 3 0 0 1 5
1 2 3 0 0 1 5
1 2 3 0 0 1 5
1 2 3 0 0 1 5
1 2 3 0 0 1 5
1 2 3 0 0 1 5
1 2 3 0 0 1 5
1 2 3 0 0 1 5
1 2 3 0 0 1 5
1 2 3 0 0 1 5
1 2 3 0 0 1 5
1 2 3 0 0 1 5
1 2 3 0 0 1 5
1 2 3 0 0 1 5
1 2 3 0 0 1 5
1 2 3 0 0 1 5
1 2 3 0 0 1 5
1 2 3 0 0 1 5
1 2 3 0 0 1 5
1 2 3 0 0 1 5
1 2 3 0 0 1 5
1 2 3 0 0 1 5
1 2 3 0 0 1 5
1 2 3 0 0 1 5
1 2 3 0 0 1 5
1 2 3 0 0 1 5
1 2 3 0 0 1 5
1 2 3 0 0 1 5
1 2 3 0 0 1 5
1 2 3 0 0 1 5
1 2 3 0 0 1 5
1 2 3 0 0 1 5
1 2 3 0 0 1 5
1 2 3 0 0 1 5
1 2 3 0 0 1 5
1 2 3 0 0 1 5
1 2 3 0 0 1 5
1 2 3 0 0 1 5
1 2 3 0 0 1 5
1 2 3 0 0 1 5
1 2 3 0 0 1 5
1 2 3 0 0 1 5
1 2 3 0 0 1 5
1 2 3 0 0 1 5
1 2 3 0 0 1 5
1 2 3 0 0 1 5
1 2 3 0 0 1 5
1 2 3 0 0 1 5
1 2 3 0 0 1 5
1 2 3 0 0 1 5
1 2 3 0 0 1 5
1 2 3 0 0 1 5
1 2 3 0 0 1 5
1 2 3 0 0 1 5
1 2 3 0 0 1 5
1 2 3 0 0 1 5
1 2 3 0 0 1 5
1 2 3 0 0 1 5
1 2 3 0 0 1 5
1 2 3 0 0 1 5
1 2 3 0 0 1 5
1 2 3 0 0 1 5
1 2 3 0 0 1 5
1 2 3 0 0 1 5
1 2 3 0 0 1 5
1 2 3 0 0 1 5
1 2 3 0 0 1 5
1 2 3 0 0 1 5
1 2 3 0 0 1 5
1 2 3 0 0 1 5
1 2 3 0 0 1 5
1 2 3 0 0 1 5
1 2 3 0 0 1 5
1 2 3 0 0 1 5
1 2 3 0 0 1 5
1 2 3 0 0 1 5
1 2 3 0 0 1 5
1 2 3 0 0 1 5
1 2 3 0 0 1 5
1 2 3 0 0 1 5
1 2 3 0 0 1 5
1 2 3 0 0 1 5
1 2 3 0 0 1 5
1 2 3 0 0 1 5
1 2 3 0 0 1 5
1 2 3 0 0 1 5
1 2 3 0 0 1 5
1 2 3 79 0 1 5
1 2 3 127 0 1 5
1 2 3 127 0 1 5
1 2 3 127 0 1 5
1 2 3 92 0 1 5
1 2 3 26 0 1 5
1 2 3 0 0 1 5
1 2 3 0 0 1 5
1 2 3 0 0 1 5
1 2 3 0 0 1 5
1 2 3 0 0 1 5
1 2 3 0 0 1 5
1 2 3 0 0 1 5
1 2 3 0 0 1 5
1 2 3 0 -72 1 5
1 2 3 0 -127 1 5
1 2 3 0 -127 1 5
1 2 3 0 -127 1 5
1 2 3 0 -127 1 5
1 2 3 0 -127 1 5
1 2 3 0 -127 1 5
1 2 3 0 -127 1 5
1 2 3 0 -127 1 5
1 2 3 0 -127 1 5
1 2 3 0 -102 1 5
1 2 3 0 -12 1 5
1 2 3 0 0 1 5
1 2 3 0 0 1 5
1 2 3 0 0 1 5
1 2 3 0 0 1 5
1 2 3 0 0 1 5
1 2 3 0 0 1 5
1 2 3 0 27 1 5
1 2 3 0 85 1 5
1 2 3 0 107 1 5
1 2 3 0 108 1 5
1 2 3 0 109 1 5
1 2 3 0 115 1 5
1 2 3 0 126 1 5
1 2 3 0 126 1 5
1 2 3 0 126 1 5
1 2 3 0 126 1 5
1 2 3 0 126 1 5
1 2 3 0 126 1 5
1 2 3 0 126 1 5
1 2 3 0 52 1 5
1 2 3 0 0 1 5
1 2 3 0 0 1 5
1 2 3 0 0 1 5
1 2 3 0 0 1 5
1 2 3 0 0 1 5
1 2 3 0 0 1 5
1 2 3 0 0 1 5
1 2 3 0 0 1 5
1 2 3 0 0 1 5
1 2 3 0 0 1 5
1 2 3 0 0 1 5
1 2 3 0 0 1 5
1 2 3 0 0 1 5
1 2 3 0 0 1 5
1 2 3 0 0 1 5
1 2 3 0 0 1 5
1 2 3 0 0 1 5
1 2 3 0 0 1 5
1 2 3 0 0 1 5
1 2 3 0 0 1 5
1 2 3 0 0 1 5
1 2 3 0 0 1 5
1 2 3 0 0 1 5
1 2 3 0 0 1 5
1 2 3 0 0 1 5
1 2 3 0 0 1 5
1 2 3 0 0 1 5
1 2 3 0 0 1 5
1 2 3 0 0 1 5
1 2 3 0 0 1 5
1 2 3 0 0 1 5
1 2 3 0 0 1 5
1 2 3 0 0 1 5
1 2 3 0 0 1 5
1 2 3 0 0 1 5
1 2 3 0 0 1 5
1 2 3 0 0 1 5
1 2 3 0 0 1 5
1 2 3 0 0 1 5
1 2 3 0 0 1 5
1 2 3 0 0 1 5
1 2 3 0 0 1 5
1 2 3 0 0 1 5
1 2 3 0 0 1 5
1 2 3 0 0 1 5
1 2 3 0 0 1 5
1 2 3 0 0 1 5
1 2 3 0 0 1 5
1 2 3 0 0 1 5
1 2 3 0 0 1 5
1 2 3 0 0 1 5
1 2 3 0 0 1 5
1 2 3 0 0 1 5
1 2 3 0 0 1 5
1 2 3 0 0 1 5
1 2 3 0 0 1 5
1 2 3 0 0 1 5
1 2 3 0 0 1 5
1 2 3 0 0 1 5
1 2 3 0 0 1 5
1 2 3 0 0 1 5
1 2 3 0 0 1 5
1 2 3 0 0 1 5
1 2 3 0 0 1 5
1 2 3 0 0 1 5
1 2 3 0 0 1 5
